actual function = [0, -15, 2, -20, 17, -24, -17, -1, 20, 7, 1, 15, -27, 23, -12, 19, -10, 13, 6, -13]

crossover = random pick, mutation = random:

coeff = [-0.04479358106385689, -14.948542273652604, 2.0092285162096193, -20.02639304179887, 17.013004278933575, -23.99408665578434, -16.86272060273016, -0.970092697275931, 20.026856264764838, 7.100625899341086, 0.9785207423288895, 15.018708637046993, -26.942915103408644, 22.986606655260022, -12.020447254899626, 19.048460870558294, -10.043905767202029, 12.917263079915775, 6.014626234836817, -12.942208113913257]

crossover = random biased, mutation = random:

coeff = [0.020769793943873127, -14.97622772904169, 2.036916878475467, -20.00267818501304, 17.015671963022307, -24.01357885467938, -16.9619723692429, -1.0263985003869156, 19.988058533104507, 7.04844619071386, 1.0013811235985444, 15.005542271828316, -27.018364297086293, 22.97422452786638, -12.00656588942201, 18.97605947490712, -9.950472469062337, 12.973136937190636, 6.028141140227068, -12.968988090836719]

crossover = random pick, mutation = improved random:

coeff = [0.012315259596728523, -14.974886488917505, 2.0177390590422695, -20.055996657031585, 16.998682381687395, -24.017841663764692, -16.999030346569654, -1.003018003506801, 19.988712161101322, 7.030950241359209, 0.9445322884559848, 14.975582800796287, -26.994648216692326, 23.014281840458622, -12.006382027262577, 18.988773295519497, -10.002260590217514, 13.027607278131711, 6.009913054135779, -12.982304903314613]

crossover = random biased, mutation = improved random:

[-0.002111083188755525, -14.968627082279665, 2.0367368228386047, -19.98295193675899, 17.001636128366673, -23.991490725855293, -16.989448155682997, -1.003071355595473, 20.010716977706664, 6.9886182669122725, 0.999590651132873, 14.976791037653294, -26.974557821944714, 22.995559514817984, -11.997615521287951, 18.984197232651606, -9.973204372424583, 12.988092423558152, 5.994103773113304, -12.995669156969832]
